dept_grad,mun_grad,origen,area,nbc,niv_acad,niv_form,año_grad,sexo,fech_nac   ,dept_res,mun_res,ed_padre,ed_madre,nivel_padres,busc_job,busc_mes,trabaja,ingresos,pos_ocup,act_econ,vinc_lab,nro_trab,mes_trab,horas,rela_tp,des_cap,trab_ant,ayu1,
ayu2
,ayu3,
ayu4
,ayu5,
ayu6,fist_job,fa_1,
fa_2
,fa_3
,fa_4
,fa_5
,fa_6
,fa_7,
fa_8
,fa_9,
fa_10,
fa_11,
fa_12,fb_1,
fb_2,
fb_3
,fb_4
,fb_5,
fb_6,
fb_7,
fb_8,
fb_9,
fb_10,
fb_11
,fb_12,fc_1,
fc_2,
fc_3,
fc_4
,fc_5,
fc_6,
fc_7,
fc_8,
fc_9,
fc_10,
fc_11,
fc_12,tit_ext,metodol,nivel_ac,estudia,estu_ext,area_desempeno,campo_ocup,ocupacion
5,5001,2,3,13,1,3,2001,2,29_12_1950,5,5001,1,1,1,0,,1,3,1,9,1,2,12,4,1,1,,,,,,,,1,0,0,1,0,1,0,1,0,0,0,0,0,1,0,0,0,0,0,0,0,0,0,0,0,0,0,0,1,0,0,0,0,1,0,0,1,0,0,0,0,0,4,414,4142
76,76001,2,2,6,1,3,2005,1,21_11_1978,76,76001,8,5,8,0,,1,3,3,10,3,1,12,4,2,1,,,,,,,,1,0,0,1,1,0,0,0,0,1,0,0,0,1,0,0,0,0,0,0,0,0,0,0,0,0,0,0,1,0,0,0,0,1,0,0,1,0,,,0,,4,415,4153
25,25175,2,6,9,1,3,2002,1,29l09l1973,11,11001,7,2,7,0,,1,3,1,9,2,3,11,5,1,3,,,,,,,,5,1,0,0,0,0,0,0,0,0,0,0,0,0,1,1,0,0,0,0,1,0,0,0,0,1,0,0,0,0,0,0,0,0,0,0,0,0,,,0,,4,414,4142
11,11001,2,6,9,2,4,2005,1,25_11_1973,11,11001,11,8,11,1,13,0,,,,,,,,,,1,0,1,0,0,1,0,2,0,1,0,1,0,0,0,0,0,0,0,1,0,0,0,0,0,1,0,0,0,1,0,0,1,0,0,0,0,0,0,0,0,0,0,0,1,1,2,1,1,,999,9999
76,76001,2,8,27,1,3,2006,2,31_12_1973,76,76001,8,8,8,0,,1,4,1,9,3,1,8,4,2,4,,,,,,,,1,1,0,0,0,0,0,0,0,0,0,0,0,0,0,1,0,0,0,0,1,0,0,0,0,1,1,0,0,0,0,0,0,0,0,0,0,0,,,0,,1,122,1221
11,11001,2,6,9,1,3,2001,2,11_10_1967,11,11001,8,6,8,0,,1,6,1,6,1,2,12,4,1,1,,,,,,,,1,0,0,0,0,0,1,0,0,1,0,0,1,1,1,0,0,0,0,0,0,0,0,0,0,1,0,0,0,0,0,0,0,0,0,0,0,0,,,1,0,0,11,112
11,11001,2,5,53,1,3,2003,2,17_06_1978,44,44279,8,2,8,0,,1,3,1,10,2,3,12,9,1,1,,,,,,,,3,0,1,1,0,0,0,0,0,0,0,0,1,0,0,0,0,0,0,0,0,0,1,0,0,0,1,0,0,0,0,0,0,1,0,1,0,0,,,0,,2,212,2121
25,25175,2,3,13,1,3,2005,2,19_06_1972,11,11001,2,2,2,0,,1,2,1,9,2,2,12,1,1,1,,,,,,,,3,0,0,1,0,0,1,0,0,1,0,0,0,0,0,0,0,0,1,0,0,0,1,0,1,0,0,1,0,0,1,1,0,0,0,0,0,0,,,0,,4,421,4214
5,5001,2,6,9,1,3,2001,2,1_08_1978,5,5001,8,8,8,0,,1,2,1,8,2,4,12,4,1,2,,,,,,,,2,0,0,1,0,0,1,1,0,0,0,0,0,1,0,0,0,0,0,0,0,0,0,0,0,0,0,1,0,0,0,0,1,0,0,0,1,0,,,0,,8,821,8211
17,17001,2,8,30,1,3,2005,2,5_02_1975,1,1001,5,2,3,0,,1,5,1,6,1,3,12,5,1,1,,,,,,,,2,0,0,0,0,0,1,0,0,0,1,0,1,1,0,0,0,0,0,0,0,0,0,0,0,0,1,0,0,0,0,0,0,0,0,1,1,0,,,0,,0,1,16
11,11001,2,5,57,1,3,2004,2,18_12_1980,11,11001,4,9,9,0,,1,3,3,10,3,1,11,1,1,1,,,,,,,,1,0,0,1,1,0,0,0,0,0,0,0,1,1,0,0,0,0,0,0,0,0,0,0,0,0,1,1,0,0,0,0,0,0,0,0,1,0,,,0,,0,42,423
11,11001,2,3,13,2,4,2007,1,23_05_1978,11,11001,1,1,1,0,,1,3,1,9,2,3,12,4,1,2,,,,,,,,1,0,1,0,0,0,1,0,0,0,0,1,0,1,0,1,0,0,0,0,0,0,0,0,0,1,1,1,0,0,0,0,0,0,0,0,0,0,,,0,,4,414,4141
11,11001,2,6,11,2,5,2004,1,25_02_1975,1,1001,2,2,2,0,,1,4,2,9,1,2,12,1,1,1,,,,,,,,3,0,1,0,1,1,0,0,0,0,0,0,0,0,0,1,0,0,0,0,1,0,0,0,1,0,0,0,0,0,1,0,0,1,1,0,0,0,,,0,,4,412,4121
11,11001,2,5,66,1,3,2006,2,31_03_1979,11,11001,8,8,8,0,,1,3,1,9,1,4,12,4,1,2,,,,,,,,1,0,1,0,0,0,0,0,0,0,0,1,1,0,0,1,0,0,1,1,0,0,0,0,0,1,0,0,0,0,0,0,0,0,0,0,0,0,,,0,,0,11,112
11,11001,1,6,9,1,3,2004,1,12_10_1957,11,11001,1,1,1,1,8,0,,,,,,,,,,1,0,1,1,1,0,0,1,0,1,0,0,1,0,0,0,0,0,0,1,1,0,0,0,0,0,0,0,0,0,0,0,0,1,0,0,1,0,0,0,0,0,0,1,0,,,0,,,999,9999
11,11001,2,6,11,2,4,2001,1,22_09_1962,11,11001,8,8,8,0,,1,7,1,9,2,4,11,5,1,1,,,,,,,,1,0,1,1,1,0,0,0,0,0,0,0,0,1,0,0,0,0,0,0,0,0,0,0,0,0,1,1,1,0,0,0,0,0,0,0,0,0,,,1,0,4,412,4121
73,73001,1,6,9,1,3,2002,1,27_04_1971,25,25878,1,1,1,0,,1,2,2,9,2,2,12,4,1,3,,,,,,,,5,0,0,0,0,1,0,0,0,1,0,0,1,0,1,0,0,0,0,0,1,0,1,0,0,0,0,0,0,1,0,0,0,0,0,0,0,0,,,1,,4,421,4214
11,11001,2,4,41,1,3,2004,1,14_09_1981,11,11001,3,4,3,1,3,0,,,,,,,,,,1,1,1,0,0,1,0,2,0,1,1,1,0,0,0,0,0,0,0,0,1,0,0,0,0,0,0,0,0,0,0,0,0,1,1,0,0,0,0,0,0,0,0,1,0,,,0,,,999,9999
15,15001,1,6,9,2,4,2007,1,2_03_1959,15,15759,2,3,3,1,2,0,,,,,,,,,,1,1,1,0,0,1,0,1,0,1,1,1,0,0,0,0,0,0,0,0,1,0,0,0,0,0,0,0,0,0,0,0,0,1,1,0,0,0,0,0,0,0,0,1,0,,,0,,,999,9999
15,15001,1,3,13,1,3,2006,1,26_10_1979,15,15759,1,1,1,0,,1,3,1,9,1,2,11,4,1,1,,,,,,,,2,0,1,1,0,0,0,0,0,0,0,1,0,0,0,0,0,0,0,1,1,0,1,0,0,0,1,0,0,0,1,0,0,0,0,0,1,0,,,0,,4,414,4141
15,15001,1,8,25,1,2,2007,1,7_07_1969,15,15762,2,1,2,1,4,0,,,,,,,,,,1,1,1,0,0,0,0,1,0,1,1,1,0,0,0,0,0,0,0,0,1,0,0,0,0,0,0,0,0,0,0,0,0,1,1,0,0,0,0,0,0,0,0,1,0,,,0,,,999,9999
17,17001,1,6,9,1,2,2004,1,15_09_1965,17,17001,1,1,1,0,,0,,,,,,,,,,1,0,0,0,0,0,1,1,0,1,0,0,0,0,0,0,0,0,0,0,1,0,0,0,0,0,0,0,0,0,0,0,0,0,0,0,0,0,0,0,1,0,0,0,0,,,0,,,999,9999
11,11001,2,6,9,2,4,2005,1,25_04_1953,11,11001,8,8,8,0,,1,3,1,9,1,4,12,5,1,1,,,,,,,,1,0,0,1,0,0,0,0,0,1,0,1,0,0,0,0,0,0,1,0,0,1,0,1,0,0,1,1,0,0,0,0,0,1,0,0,0,0,,,0,,1,112,1122
5,5001,2,8,27,1,2,2005,1,27_03_1967,11,11001,1,1,1,0,,1,2,1,9,1,3,12,4,2,2,,,,,,,,1,0,0,1,0,1,1,0,0,0,0,0,0,1,0,0,0,0,0,0,0,0,0,0,0,0,0,0,0,0,0,1,1,0,0,1,0,0,,,1,0,6,664,6644
54,54001,1,8,31,1,3,2004,1,25_01_1980,13,13001,1,1,1,0,,1,3,1,9,1,2,7,4,1,2,,,,,,,,2,0,0,0,0,0,0,0,0,1,0,1,1,1,0,0,0,0,0,0,0,0,0,0,0,0,1,0,0,0,0,0,0,1,0,0,1,0,,,0,,0,1,15






